Rotifer
10.0.0.138
25211
ping: ,var:ping;ip: ,var:ip;port: ,var:port;;f/b: ,var:0;trim: ,var:1;l/r: ,var:2;lift: ,var:3;climb: ,var:4;intake: ,var:5;eject: ,var:6
7,1

3,u,,1,,1,,
3,j,,1,,-.4,,
3,m,,1,,-1,,
5,k,,1,,1,0,
5,i,,1,,-1,0,
6,l,,1,,1,0,

0,s,w,,1,1,-1,1,true
2,a,d,,1,1,-1,1,false
5,,,,2,1,-1,1,true
1,1,3,,2,.001,-1,1,true
4,h,y,,1,1,-1,1,true

y,,1,.85,.29,772200,993300,50
h,,1,.85,.45,772200,993300,50
i,,1,.83,.70,111199,2222DD,50
k,,1,.83,.90,111199,2222DD,50
l,,1,.95,.90,111199,2222DD,50
u,,1,.75,.35,440044,880088,25
j,,1,.75,.65,440044,880088,25
m,,1,.75,.85,440044,880088,25


2,0,.19,.5,888888,125

3,-1,1,.68,.6,880088,1,45
1,-1,1,.19,.9,555555,2,25
4,-1,1,.95,.37,993300,1,20